37694.0,1.0,100
37759.0,2.0,100
37823.0,3.0,100
37888.0,4.0,100
37952.0,5.0,100
38016.0,6.0,100
38081.0,7.0,100
38145.0,8.0,100
38210.0,9.0,100
38274.0,10.0,100
38338.0,11.0,100
38403.0,12.0,100
38467.0,13.0,100
38532.0,14.0,100
38596.0,15.0,100
38660.0,16.0,100
38725.0,17.0,100
38789.0,18.0,100
38853.0,19.0,100
38918.0,20.0,100
38982.0,21.0,100
39047.0,22.0,100
39111.0,23.0,100
39175.0,24.0,100
39240.0,25.0,100
39304.0,26.0,100
39368.0,27.0,100
39433.0,28.0,100
39497.0,29.0,100
39562.0,30.0,100
39626.0,31.0,100
47738.0,33.0,150
47802.0,34.0,150
47866.0,35.0,150
47931.0,36.0,150
47995.0,37.0,150
48060.0,38.0,150
48124.0,39.0,150
48188.0,40.0,150
48253.0,41.0,150
48317.0,42.0,150
48382.0,43.0,150
48446.0,44.0,150
48510.0,45.0,150
48575.0,46.0,150
48639.0,47.0,150
48704.0,48.0,150
48768.0,49.0,150
48832.0,50.0,150
48897.0,51.0,150
48961.0,52.0,150
49025.0,53.0,150
49090.0,54.0,150
49154.0,55.0,150
49219.0,56.0,150
49283.0,57.0,150
49347.0,58.0,150
49412.0,59.0,150
49476.0,60.0,150
49540.0,61.0,150
49605.0,62.0,150
57716.0,63.0,200
57781.0,64.0,200
57845.0,65.0,200
57910.0,66.0,200
57974.0,67.0,200
58038.0,68.0,200
58103.0,69.0,200
58167.0,70.0,200
58232.0,71.0,200
58296.0,72.0,200
58360.0,73.0,200
58425.0,74.0,200
58489.0,75.0,200
58553.0,76.0,200
58618.0,77.0,200
58682.0,78.0,200
58747.0,79.0,200
58811.0,80.0,200
58875.0,81.0,200
58940.0,82.0,200
59004.0,83.0,200
59069.0,84.0,200
59133.0,85.0,200
59197.0,86.0,200
59262.0,87.0,200
59326.0,88.0,200
59391.0,89.0,200
59455.0,90.0,200
59519.0,91.0,200
59584.0,92.0,200
59648.0,93.0,200
67760.0,95.0,250
67824.0,96.0,250
67889.0,97.0,250
67953.0,98.0,250
68017.0,99.0,250
68082.0,100.0,250
68146.0,101.0,250
68211.0,102.0,250
68275.0,103.0,250
68340.0,104.0,250
68404.0,105.0,250
68468.0,106.0,250
68533.0,107.0,250
68597.0,108.0,250
68662.0,109.0,250
68726.0,110.0,250
68791.0,111.0,250
68855.0,112.0,250
68919.0,113.0,250
68984.0,114.0,250
69048.0,115.0,250
69112.0,116.0,250
69177.0,117.0,250
69241.0,118.0,250
69306.0,119.0,250
69370.0,120.0,250
69434.0,121.0,250
69499.0,122.0,250
69563.0,123.0,250
69627.0,124.0,250
77739.0,125.0,300
77803.0,126.0,300
77868.0,127.0,300
77932.0,128.0,300
77996.0,129.0,300
78061.0,130.0,300
78125.0,131.0,300
78190.0,132.0,300
78254.0,133.0,300
78318.0,134.0,300
78383.0,135.0,300
78447.0,136.0,300
78512.0,137.0,300
78576.0,138.0,300
78640.0,139.0,300
78705.0,140.0,300
78769.0,141.0,300
78833.0,142.0,300
78898.0,143.0,300
78962.0,144.0,300
79027.0,145.0,300
79091.0,146.0,300
79155.0,147.0,300
79220.0,148.0,300
79284.0,149.0,300
79349.0,150.0,300
79413.0,151.0,300
79478.0,152.0,300
79542.0,153.0,300
79606.0,154.0,300
79671.0,155.0,300
93763.0,156.0,350
93828.0,157.0,350
93892.0,158.0,350
93956.0,159.0,350
94021.0,160.0,350
94085.0,161.0,350
94149.0,162.0,350
94214.0,163.0,350
94279.0,164.0,350
94343.0,165.0,350
94408.0,166.0,350
94472.0,167.0,350
94536.0,168.0,350
94601.0,169.0,350
94666.0,170.0,350
94730.0,171.0,350
94794.0,172.0,350
94859.0,173.0,350
94923.0,174.0,350
94988.0,175.0,350
95052.0,176.0,350
95117.0,177.0,350
95181.0,178.0,350
95246.0,179.0,350
95310.0,180.0,350
95374.0,181.0,350
95439.0,182.0,350
95503.0,183.0,350
95568.0,184.0,350
95632.0,185.0,350
95697.0,186.0,350
109784.0,187.0,400
109849.0,188.0,400
109913.0,189.0,400
109978.0,190.0,400
110042.0,191.0,400
110107.0,192.0,400
110171.0,193.0,400
110236.0,194.0,400
110300.0,195.0,400
110364.0,196.0,400
110429.0,197.0,400
110493.0,198.0,400
110558.0,199.0,400
110622.0,200.0,400
110687.0,201.0,400
110751.0,202.0,400
110815.0,203.0,400
110880.0,204.0,400
110944.0,205.0,400
111009.0,206.0,400
111073.0,207.0,400
111137.0,208.0,400
111202.0,209.0,400
111266.0,210.0,400
111331.0,211.0,400
111395.0,212.0,400
111459.0,213.0,400
111524.0,214.0,400
111588.0,215.0,400
111653.0,216.0,400
111717.0,217.0,400
125801.0,218.0,450
125866.0,219.0,450
125930.0,220.0,450
125995.0,221.0,450
126059.0,222.0,450
126124.0,223.0,450
126188.0,224.0,450
126253.0,225.0,450
126318.0,226.0,450
126382.0,227.0,450
126446.0,228.0,450
126511.0,229.0,450
126575.0,230.0,450
126640.0,231.0,450
126704.0,232.0,450
126768.0,233.0,450
126833.0,234.0,450
126897.0,235.0,450
126962.0,236.0,450
127026.0,237.0,450
127091.0,238.0,450
127155.0,239.0,450
127220.0,240.0,450
127284.0,241.0,450
127349.0,242.0,450
127414.0,243.0,450
127478.0,244.0,450
127543.0,245.0,450
127607.0,246.0,450
127671.0,247.0,450
127736.0,248.0,450
141819.0,249.0,500
141884.0,250.0,500
141949.0,251.0,500
142013.0,252.0,500
142078.0,253.0,500
142142.0,254.0,500
142206.0,255.0,500
142271.0,256.0,500
142335.0,257.0,500
142400.0,258.0,500
142464.0,259.0,500
142528.0,260.0,500
142593.0,261.0,500
142657.0,262.0,500
142722.0,263.0,500
142786.0,264.0,500
142850.0,265.0,500
142915.0,266.0,500
142979.0,267.0,500
143043.0,268.0,500
143108.0,269.0,500
143172.0,270.0,500
143237.0,271.0,500
143301.0,272.0,500
143365.0,273.0,500
143430.0,274.0,500
143494.0,275.0,500
143558.0,276.0,500
143623.0,277.0,500
143687.0,278.0,500
143752.0,279.0,500
157835.0,280.0,550
157900.0,281.0,550
157964.0,282.0,550
158029.0,283.0,550
158093.0,284.0,550
158157.0,285.0,550
158222.0,286.0,550
158286.0,287.0,550
158351.0,288.0,550
158415.0,289.0,550
158479.0,290.0,550
158544.0,291.0,550
158608.0,292.0,550
158673.0,293.0,550
158737.0,294.0,550
158801.0,295.0,550
158866.0,296.0,550
158930.0,297.0,550
158994.0,298.0,550
159059.0,299.0,550
159123.0,300.0,550
159188.0,301.0,550
159252.0,302.0,550
159316.0,303.0,550
159381.0,304.0,550
159445.0,305.0,550
159509.0,306.0,550
159574.0,307.0,550
159638.0,308.0,550
159703.0,309.0,550
159767.0,310.0,550
173850.0,311.0,600
173915.0,312.0,600
173979.0,313.0,600
174044.0,314.0,600
174108.0,315.0,600
174172.0,316.0,600
174237.0,317.0,600
174301.0,318.0,600
174366.0,319.0,600
174430.0,320.0,600
174494.0,321.0,600
174559.0,322.0,600
174623.0,323.0,600
174688.0,324.0,600
174752.0,325.0,600
174816.0,326.0,600
174881.0,327.0,600
174945.0,328.0,600
175009.0,329.0,600
175074.0,330.0,600
175138.0,331.0,600
175203.0,332.0,600
175267.0,333.0,600
175331.0,334.0,600
175396.0,335.0,600
175460.0,336.0,600
175524.0,337.0,600
175589.0,338.0,600
175653.0,339.0,600
175718.0,340.0,600
175782.0,341.0,600
183893.0,342.0,0
183958.0,343.0,0
184022.0,344.0,0
184086.0,345.0,0
184151.0,346.0,0
184215.0,347.0,0
184280.0,348.0,0
184344.0,349.0,0
184408.0,350.0,0
184473.0,351.0,0
184537.0,352.0,0
184601.0,353.0,0
184666.0,354.0,0
184730.0,355.0,0
184795.0,356.0,0
184859.0,357.0,0
184923.0,358.0,0
184988.0,359.0,0
185052.0,360.0,0
185116.0,361.0,0
185181.0,362.0,0
185245.0,363.0,0
185310.0,364.0,0
185374.0,365.0,0
185438.0,366.0,0
185503.0,367.0,0
185567.0,368.0,0
185631.0,369.0,0
185696.0,370.0,0
185760.0,371.0,0
185825.0,372.0,0
