9330522.0,1.0,100
9330586.0,2.0,100
9330650.0,3.0,100
9330715.0,4.0,100
9330779.0,5.0,100
9330843.0,6.0,100
9330908.0,7.0,100
9330972.0,8.0,100
9331037.0,9.0,100
9331101.0,10.0,100
9331165.0,11.0,100
9331230.0,12.0,100
9331294.0,13.0,100
9331358.0,14.0,100
9331423.0,15.0,100
9331487.0,16.0,100
9331552.0,17.0,100
9331616.0,18.0,100
9331680.0,19.0,100
9331745.0,20.0,100
9331809.0,21.0,100
9331873.0,22.0,100
9331938.0,23.0,100
9332002.0,24.0,100
9332067.0,25.0,100
9332131.0,26.0,100
9332195.0,27.0,100
9332260.0,28.0,100
9332324.0,29.0,100
9332388.0,30.0,100
9332453.0,31.0,100
9340500.0,32.0,150
9340564.0,33.0,150
9340629.0,34.0,150
9340693.0,35.0,150
9340758.0,36.0,150
9340822.0,37.0,150
9340886.0,38.0,150
9340951.0,39.0,150
9341015.0,40.0,150
9341079.0,41.0,150
9341144.0,42.0,150
9341208.0,43.0,150
9341273.0,44.0,150
9341337.0,45.0,150
9341401.0,46.0,150
9341466.0,47.0,150
9341530.0,48.0,150
9341594.0,49.0,150
9341659.0,50.0,150
9341723.0,51.0,150
9341788.0,52.0,150
9341852.0,53.0,150
9341916.0,54.0,150
9341981.0,55.0,150
9342045.0,56.0,150
9342109.0,57.0,150
9342174.0,58.0,150
9342238.0,59.0,150
9342303.0,60.0,150
9342367.0,61.0,150
9342431.0,62.0,150
9350543.0,63.0,200
9350608.0,64.0,200
9350672.0,65.0,200
9350736.0,66.0,200
9350801.0,67.0,200
9350865.0,68.0,200
9350929.0,69.0,200
9350994.0,70.0,200
9351058.0,71.0,200
9351123.0,72.0,200
9351187.0,73.0,200
9351251.0,74.0,200
9351316.0,75.0,200
9351380.0,76.0,200
9351445.0,77.0,200
9351509.0,78.0,200
9351573.0,79.0,200
9351638.0,80.0,200
9351702.0,81.0,200
9351766.0,82.0,200
9351831.0,83.0,200
9351895.0,84.0,200
9351960.0,85.0,200
9352024.0,86.0,200
9352088.0,87.0,200
9352153.0,88.0,200
9352217.0,89.0,200
9352281.0,90.0,200
9352346.0,91.0,200
9352410.0,92.0,200
9352475.0,93.0,200
9360525.0,94.0,250
9360589.0,95.0,250
9360654.0,96.0,250
9360718.0,97.0,250
9360782.0,98.0,250
9360847.0,99.0,250
9360911.0,100.0,250
9360976.0,101.0,250
9361040.0,102.0,250
9361104.0,103.0,250
9361169.0,104.0,250
9361233.0,105.0,250
9361297.0,106.0,250
9361362.0,107.0,250
9361426.0,108.0,250
9361491.0,109.0,250
9361555.0,110.0,250
9361619.0,111.0,250
9361684.0,112.0,250
9361748.0,113.0,250
9361812.0,114.0,250
9361877.0,115.0,250
9361941.0,116.0,250
9362006.0,117.0,250
9362070.0,118.0,250
9362134.0,119.0,250
9362199.0,120.0,250
9362263.0,121.0,250
9362327.0,122.0,250
9362392.0,123.0,250
9362456.0,124.0,250
9370568.0,125.0,300
9370632.0,126.0,300
9370697.0,127.0,300
9370761.0,128.0,300
9370826.0,129.0,300
9370890.0,130.0,300
9370954.0,131.0,300
9371019.0,132.0,300
9371083.0,133.0,300
9371147.0,134.0,300
9371212.0,135.0,300
9371276.0,136.0,300
9371341.0,137.0,300
9371405.0,138.0,300
9371469.0,139.0,300
9371534.0,140.0,300
9371598.0,141.0,300
9371662.0,142.0,300
9371727.0,143.0,300
9371791.0,144.0,300
9371856.0,145.0,300
9371920.0,146.0,300
9371984.0,147.0,300
9372049.0,148.0,300
9372113.0,149.0,300
9372177.0,150.0,300
9372242.0,151.0,300
9372306.0,152.0,300
9372371.0,153.0,300
9372435.0,154.0,300
9372499.0,155.0,300
9380547.0,156.0,350
9380611.0,157.0,350
9380676.0,158.0,350
9380740.0,159.0,350
9380805.0,160.0,350
9380869.0,161.0,350
9380933.0,162.0,350
9380998.0,163.0,350
9381062.0,164.0,350
9381126.0,165.0,350
9381191.0,166.0,350
9381255.0,167.0,350
9381320.0,168.0,350
9381384.0,169.0,350
9381448.0,170.0,350
9381513.0,171.0,350
9381577.0,172.0,350
9381641.0,173.0,350
9381706.0,174.0,350
9381770.0,175.0,350
9381835.0,176.0,350
9381899.0,177.0,350
9381963.0,178.0,350
9382028.0,179.0,350
9382092.0,180.0,350
9382156.0,181.0,350
9382221.0,182.0,350
9382285.0,183.0,350
9382350.0,184.0,350
9382414.0,185.0,350
9382478.0,186.0,350
9390590.0,187.0,400
9390655.0,188.0,400
9390719.0,189.0,400
9390783.0,190.0,400
9390848.0,191.0,400
9390912.0,192.0,400
9390977.0,193.0,400
9391041.0,194.0,400
9391105.0,195.0,400
9391170.0,196.0,400
9391234.0,197.0,400
9391298.0,198.0,400
9391363.0,199.0,400
9391427.0,200.0,400
9391492.0,201.0,400
9391556.0,202.0,400
9391620.0,203.0,400
9391685.0,204.0,400
9391749.0,205.0,400
9391813.0,206.0,400
9391878.0,207.0,400
9391942.0,208.0,400
9392007.0,209.0,400
9392071.0,210.0,400
9392135.0,211.0,400
9392200.0,212.0,400
9392264.0,213.0,400
9392328.0,214.0,400
9392393.0,215.0,400
9392457.0,216.0,400
9392522.0,217.0,400
9400569.0,218.0,450
9400633.0,219.0,450
9400698.0,220.0,450
9400762.0,221.0,450
9400826.0,222.0,450
9400891.0,223.0,450
9400955.0,224.0,450
9401020.0,225.0,450
9401084.0,226.0,450
9401148.0,227.0,450
9401213.0,228.0,450
9401277.0,229.0,450
9401341.0,230.0,450
9401406.0,231.0,450
9401470.0,232.0,450
9401535.0,233.0,450
9401599.0,234.0,450
9401663.0,235.0,450
9401728.0,236.0,450
9401792.0,237.0,450
9401856.0,238.0,450
9401921.0,239.0,450
9401985.0,240.0,450
9402050.0,241.0,450
9402114.0,242.0,450
9402178.0,243.0,450
9402243.0,244.0,450
9402307.0,245.0,450
9402371.0,246.0,450
9402436.0,247.0,450
9402500.0,248.0,450
9416642.0,250.0,500
9416706.0,251.0,500
9416771.0,252.0,500
9416835.0,253.0,500
9416899.0,254.0,500
9416964.0,255.0,500
9417028.0,256.0,500
9417092.0,257.0,500
9417157.0,258.0,500
9417221.0,259.0,500
9417286.0,260.0,500
9417350.0,261.0,500
9417414.0,262.0,500
9417479.0,263.0,500
9417543.0,264.0,500
9417607.0,265.0,500
9417672.0,266.0,500
9417736.0,267.0,500
9417801.0,268.0,500
9417865.0,269.0,500
9417929.0,270.0,500
9417994.0,271.0,500
9418058.0,272.0,500
9418122.0,273.0,500
9418187.0,274.0,500
9418251.0,275.0,500
9418316.0,276.0,500
9418380.0,277.0,500
9418444.0,278.0,500
9418509.0,279.0,500
9418573.0,280.0,550
9432653.0,281.0,550
9432717.0,282.0,550
9432781.0,283.0,550
9432846.0,284.0,550
9432910.0,285.0,550
9432974.0,286.0,550
9433039.0,287.0,550
9433103.0,288.0,550
9433168.0,289.0,550
9433232.0,290.0,550
9433296.0,291.0,550
9433361.0,292.0,550
9433425.0,293.0,550
9433489.0,294.0,550
9433554.0,295.0,550
9433618.0,296.0,550
9433683.0,297.0,550
9433747.0,298.0,550
9433811.0,299.0,550
9433876.0,300.0,550
9433940.0,301.0,550
9434004.0,302.0,550
9434069.0,303.0,550
9434133.0,304.0,550
9434198.0,305.0,550
9434262.0,306.0,550
9434326.0,307.0,550
9434391.0,308.0,550
9434455.0,309.0,550
9434519.0,310.0,550
9434584.0,311.0,550
9448660.0,312.0,600
9448725.0,313.0,600
9448790.0,314.0,600
9448854.0,315.0,600
9448918.0,316.0,600
9448983.0,317.0,600
9449047.0,318.0,600
9449111.0,319.0,600
9449176.0,320.0,600
9449240.0,321.0,600
9449305.0,322.0,600
9449369.0,323.0,600
9449433.0,324.0,600
9449498.0,325.0,600
9449562.0,326.0,600
9449626.0,327.0,600
9449691.0,328.0,600
9449755.0,329.0,600
9449820.0,330.0,600
9449884.0,331.0,600
9449948.0,332.0,600
9450013.0,333.0,600
9450077.0,334.0,600
9450141.0,335.0,600
9450206.0,336.0,600
9450270.0,337.0,600
9450335.0,338.0,600
9450399.0,339.0,600
9450463.0,340.0,600
9450528.0,341.0,600
9450592.0,342.0,600
9458640.0,343.0,0
9458704.0,344.0,0
9458769.0,345.0,0
9458833.0,346.0,0
9458898.0,347.0,0
9458962.0,348.0,0
9459026.0,349.0,0
9459091.0,350.0,0
9459155.0,351.0,0
9459219.0,352.0,0
9459284.0,353.0,0
9459348.0,354.0,0
9459413.0,355.0,0
9459477.0,356.0,0
9459541.0,357.0,0
9459606.0,358.0,0
9459670.0,359.0,0
9459734.0,360.0,0
9459799.0,361.0,0
9459863.0,362.0,0
9459928.0,363.0,0
9459992.0,364.0,0
9460056.0,365.0,0
9460121.0,366.0,0
9460185.0,367.0,0
9460249.0,368.0,0
9460314.0,369.0,0
9460378.0,370.0,0
9460443.0,371.0,0
9460507.0,372.0,0
9460571.0,373.0,0
