73632.0,1.0,100
73696.0,2.0,100
73761.0,3.0,100
73825.0,4.0,100
73890.0,5.0,100
73954.0,6.0,100
74018.0,7.0,100
74083.0,8.0,100
74147.0,9.0,100
74212.0,10.0,100
74276.0,11.0,100
74340.0,12.0,100
74405.0,13.0,100
74469.0,14.0,100
74534.0,15.0,100
74598.0,16.0,100
74662.0,17.0,100
74727.0,18.0,100
74791.0,19.0,100
74856.0,20.0,100
74920.0,21.0,100
74984.0,22.0,100
75049.0,23.0,100
75113.0,24.0,100
75178.0,25.0,100
75242.0,26.0,100
75306.0,27.0,100
75371.0,28.0,100
75435.0,29.0,100
75499.0,30.0,100
75564.0,31.0,100
83611.0,32.0,150
83675.0,33.0,150
83740.0,34.0,150
83804.0,35.0,150
83868.0,36.0,150
83933.0,37.0,150
83997.0,38.0,150
84061.0,39.0,150
84126.0,40.0,150
84190.0,41.0,150
84255.0,42.0,150
84319.0,43.0,150
84384.0,44.0,150
84448.0,45.0,150
84512.0,46.0,150
84577.0,47.0,150
84641.0,48.0,150
84705.0,49.0,150
84770.0,50.0,150
84834.0,51.0,150
84899.0,52.0,150
84963.0,53.0,150
85027.0,54.0,150
85092.0,55.0,150
85156.0,56.0,150
85221.0,57.0,150
85285.0,58.0,150
85349.0,59.0,150
85414.0,60.0,150
85478.0,61.0,150
85542.0,62.0,150
93654.0,63.0,200
93718.0,64.0,200
93783.0,65.0,200
93847.0,66.0,200
93911.0,67.0,200
93976.0,68.0,200
94040.0,69.0,200
94104.0,70.0,200
94169.0,71.0,200
94233.0,72.0,200
94298.0,73.0,200
94362.0,74.0,200
94426.0,75.0,200
94491.0,76.0,200
94555.0,77.0,200
94620.0,78.0,200
94684.0,79.0,200
94748.0,80.0,200
94813.0,81.0,200
94877.0,82.0,200
94941.0,83.0,200
95006.0,84.0,200
95070.0,85.0,200
95135.0,86.0,200
95199.0,87.0,200
95263.0,88.0,200
95328.0,89.0,200
95392.0,90.0,200
95456.0,91.0,200
95521.0,92.0,200
95585.0,93.0,200
103696.0,95.0,250
103761.0,96.0,250
103825.0,97.0,250
103890.0,98.0,250
103954.0,99.0,250
104018.0,100.0,250
104083.0,101.0,250
104147.0,102.0,250
104211.0,103.0,250
104276.0,104.0,250
104340.0,105.0,250
104405.0,106.0,250
104469.0,107.0,250
104533.0,108.0,250
104598.0,109.0,250
104662.0,110.0,250
104727.0,111.0,250
104791.0,112.0,250
104855.0,113.0,250
104920.0,114.0,250
104984.0,115.0,250
105048.0,116.0,250
105113.0,117.0,250
105177.0,118.0,250
105242.0,119.0,250
105306.0,120.0,250
105370.0,121.0,250
105435.0,122.0,250
105499.0,123.0,250
105563.0,124.0,250
113675.0,125.0,300
113739.0,126.0,300
113804.0,127.0,300
113868.0,128.0,300
113933.0,129.0,300
113997.0,130.0,300
114061.0,131.0,300
114126.0,132.0,300
114190.0,133.0,300
114255.0,134.0,300
114319.0,135.0,300
114383.0,136.0,300
114448.0,137.0,300
114512.0,138.0,300
114576.0,139.0,300
114641.0,140.0,300
114705.0,141.0,300
114770.0,142.0,300
114834.0,143.0,300
114898.0,144.0,300
114963.0,145.0,300
115027.0,146.0,300
115091.0,147.0,300
115156.0,148.0,300
115220.0,149.0,300
115285.0,150.0,300
115349.0,151.0,300
115413.0,152.0,300
115478.0,153.0,300
115542.0,154.0,300
115606.0,155.0,300
123718.0,157.0,350
123782.0,158.0,350
123847.0,159.0,350
123911.0,160.0,350
123975.0,161.0,350
124040.0,162.0,350
124104.0,163.0,350
124168.0,164.0,350
124233.0,165.0,350
124297.0,166.0,350
124362.0,167.0,350
124426.0,168.0,350
124490.0,169.0,350
124555.0,170.0,350
124619.0,171.0,350
124683.0,172.0,350
124748.0,173.0,350
124812.0,174.0,350
124877.0,175.0,350
124941.0,176.0,350
125005.0,177.0,350
125070.0,178.0,350
125134.0,179.0,350
125199.0,180.0,350
125263.0,181.0,350
125327.0,182.0,350
125392.0,183.0,350
125456.0,184.0,350
125520.0,185.0,350
125585.0,186.0,350
133696.0,187.0,400
133760.0,188.0,400
133825.0,189.0,400
133889.0,190.0,400
133954.0,191.0,400
134018.0,192.0,400
134082.0,193.0,400
134147.0,194.0,400
134211.0,195.0,400
134275.0,196.0,400
134340.0,197.0,400
134404.0,198.0,400
134469.0,199.0,400
134533.0,200.0,400
134597.0,201.0,400
134662.0,202.0,400
134726.0,203.0,400
134790.0,204.0,400
134855.0,205.0,400
134919.0,206.0,400
134984.0,207.0,400
135048.0,208.0,400
135112.0,209.0,400
135177.0,210.0,400
135241.0,211.0,400
135305.0,212.0,400
135370.0,213.0,400
135434.0,214.0,400
135499.0,215.0,400
135563.0,216.0,400
135627.0,217.0,400
143739.0,219.0,450
143803.0,220.0,450
143867.0,221.0,450
143932.0,222.0,450
143996.0,223.0,450
144061.0,224.0,450
144125.0,225.0,450
144189.0,226.0,450
144254.0,227.0,450
144318.0,228.0,450
144382.0,229.0,450
144447.0,230.0,450
144511.0,231.0,450
144576.0,232.0,450
144640.0,233.0,450
144704.0,234.0,450
144769.0,235.0,450
144833.0,236.0,450
144897.0,237.0,450
144962.0,238.0,450
145026.0,239.0,450
145091.0,240.0,450
145155.0,241.0,450
145219.0,242.0,450
145284.0,243.0,450
145348.0,244.0,450
145412.0,245.0,450
145477.0,246.0,450
145541.0,247.0,450
145606.0,248.0,450
159753.0,249.0,500
159817.0,250.0,500
159881.0,251.0,500
159946.0,252.0,500
160010.0,253.0,500
160074.0,254.0,500
160139.0,255.0,500
160203.0,256.0,500
160268.0,257.0,500
160332.0,258.0,500
160396.0,259.0,500
160461.0,260.0,500
160525.0,261.0,500
160589.0,262.0,500
160654.0,263.0,500
160718.0,264.0,500
160783.0,265.0,500
160847.0,266.0,500
160911.0,267.0,500
160976.0,268.0,500
161040.0,269.0,500
161105.0,270.0,500
161169.0,271.0,500
161233.0,272.0,500
161298.0,273.0,500
161362.0,274.0,500
161426.0,275.0,500
161491.0,276.0,500
161555.0,277.0,500
161620.0,278.0,500
161684.0,279.0,500
175767.0,280.0,550
175831.0,281.0,550
175896.0,282.0,550
175960.0,283.0,550
176025.0,284.0,550
176089.0,285.0,550
176153.0,286.0,550
176218.0,287.0,550
176282.0,288.0,550
176346.0,289.0,550
176411.0,290.0,550
176475.0,291.0,550
176540.0,292.0,550
176604.0,293.0,550
176668.0,294.0,550
176733.0,295.0,550
176797.0,296.0,550
176862.0,297.0,550
176926.0,298.0,550
176990.0,299.0,550
177055.0,300.0,550
177119.0,301.0,550
177183.0,302.0,550
177248.0,303.0,550
177312.0,304.0,550
177377.0,305.0,550
177441.0,306.0,550
177505.0,307.0,550
177570.0,308.0,550
177634.0,309.0,550
177699.0,310.0,550
191781.0,311.0,600
191847.0,312.0,600
191911.0,313.0,600
191975.0,314.0,600
192040.0,315.0,600
192104.0,316.0,600
192169.0,317.0,600
192233.0,318.0,600
192297.0,319.0,600
192362.0,320.0,600
192426.0,321.0,600
192490.0,322.0,600
192555.0,323.0,600
192619.0,324.0,600
192684.0,325.0,600
192748.0,326.0,600
192812.0,327.0,600
192877.0,328.0,600
192941.0,329.0,600
193005.0,330.0,600
193070.0,331.0,600
193134.0,332.0,600
193199.0,333.0,600
193263.0,334.0,600
193327.0,335.0,600
193392.0,336.0,600
193456.0,337.0,600
193521.0,338.0,600
193585.0,339.0,600
193649.0,340.0,600
193714.0,341.0,600
201761.0,342.0,0
201825.0,343.0,0
201889.0,344.0,0
201954.0,345.0,0
202018.0,346.0,0
202082.0,347.0,0
202147.0,348.0,0
202211.0,349.0,0
202276.0,350.0,0
202340.0,351.0,0
202404.0,352.0,0
202469.0,353.0,0
202533.0,354.0,0
202598.0,355.0,0
202662.0,356.0,0
202726.0,357.0,0
202791.0,358.0,0
202855.0,359.0,0
202919.0,360.0,0
202984.0,361.0,0
203048.0,362.0,0
203113.0,363.0,0
203177.0,364.0,0
203241.0,365.0,0
203306.0,366.0,0
203370.0,367.0,0
203434.0,368.0,0
203499.0,369.0,0
203563.0,370.0,0
203628.0,371.0,0
203692.0,372.0,0
