31834.0,30573.0,100
31898.0,30443.0,100
31963.0,30648.0,100
32027.0,30732.0,100
32091.0,30510.0,100
32156.0,30713.0,100
32220.0,30509.0,100
32284.0,30680.0,100
32349.0,30774.0,100
32413.0,30626.0,100
32478.0,30752.0,100
32542.0,30631.0,100
32606.0,30672.0,100
32671.0,30518.0,100
32735.0,30588.0,100
32799.0,30615.0,100
32864.0,30556.0,100
32928.0,30862.0,100
32993.0,30630.0,100
33057.0,30560.0,100
33121.0,30548.0,100
33186.0,30573.0,100
33250.0,30629.0,100
33314.0,30479.0,100
33379.0,30588.0,100
33443.0,30538.0,100
33508.0,30527.0,100
33572.0,30665.0,100
33636.0,30357.0,100
33701.0,30775.0,100
33765.0,30510.0,100
41812.0,31056.0,150
41877.0,31381.0,150
41941.0,31092.0,150
42005.0,31096.0,150
42070.0,31126.0,150
42134.0,31313.0,150
42198.0,31101.0,150
42263.0,31203.0,150
42327.0,31177.0,150
42392.0,31256.0,150
42456.0,31310.0,150
42521.0,31288.0,150
42585.0,31105.0,150
42650.0,31198.0,150
42714.0,31171.0,150
42778.0,31050.0,150
42843.0,31116.0,150
42907.0,31144.0,150
42972.0,31039.0,150
43036.0,31143.0,150
43100.0,31194.0,150
43165.0,31197.0,150
43229.0,31034.0,150
43294.0,31141.0,150
43358.0,31063.0,150
43423.0,31067.0,150
43487.0,31141.0,150
43552.0,31201.0,150
43616.0,31368.0,150
43680.0,31104.0,150
43745.0,31161.0,150
51920.0,31812.0,200
51985.0,31733.0,200
52049.0,31865.0,200
52114.0,31869.0,200
52178.0,31890.0,200
52242.0,31825.0,200
52307.0,31745.0,200
52371.0,31981.0,200
52436.0,31874.0,200
52500.0,31879.0,200
52564.0,31718.0,200
52629.0,31915.0,200
52693.0,31731.0,200
52757.0,31834.0,200
52822.0,31781.0,200
52886.0,31835.0,200
52951.0,31729.0,200
53015.0,31856.0,200
53079.0,31748.0,200
53144.0,31834.0,200
53208.0,31746.0,200
53273.0,31821.0,200
53337.0,31983.0,200
53402.0,31837.0,200
53466.0,31779.0,200
53530.0,31788.0,200
53595.0,31678.0,200
53659.0,31746.0,200
53723.0,32092.0,200
53788.0,31804.0,200
61835.0,32232.0,250
61899.0,32384.0,250
61964.0,32315.0,250
62028.0,32286.0,250
62093.0,32179.0,250
62157.0,32423.0,250
62221.0,32158.0,250
62286.0,32499.0,250
62350.0,32221.0,250
62414.0,32320.0,250
62479.0,32188.0,250
62543.0,32139.0,250
62608.0,32445.0,250
62672.0,32290.0,250
62736.0,32327.0,250
62801.0,32315.0,250
62865.0,32313.0,250
62930.0,32208.0,250
62994.0,32205.0,250
63059.0,32145.0,250
63123.0,32341.0,250
63187.0,32347.0,250
63252.0,32445.0,250
63316.0,32281.0,250
63381.0,32344.0,250
63445.0,32436.0,250
63509.0,32284.0,250
63574.0,32421.0,250
63638.0,32315.0,250
63703.0,32269.0,250
63767.0,32149.0,250
71879.0,32930.0,300
71943.0,32813.0,300
72007.0,32807.0,300
72072.0,32895.0,300
72136.0,32878.0,300
72201.0,32797.0,300
72265.0,32997.0,300
72329.0,32926.0,300
72394.0,32985.0,300
72458.0,33061.0,300
72522.0,33035.0,300
72587.0,32791.0,300
72651.0,32695.0,300
72716.0,32798.0,300
72780.0,33020.0,300
72844.0,32917.0,300
72909.0,32828.0,300
72973.0,32768.0,300
73037.0,32929.0,300
73102.0,32677.0,300
73166.0,32881.0,300
73231.0,32996.0,300
73295.0,32991.0,300
73359.0,32884.0,300
73424.0,32955.0,300
73488.0,32793.0,300
73552.0,32735.0,300
73617.0,32873.0,300
73681.0,32899.0,300
73746.0,33126.0,300
73810.0,32942.0,300
81921.0,33620.0,350
81986.0,33740.0,350
82050.0,33711.0,350
82115.0,33700.0,350
82179.0,33807.0,350
82243.0,33842.0,350
82308.0,33813.0,350
82372.0,33592.0,350
82436.0,33577.0,350
82501.0,33714.0,350
82565.0,33638.0,350
82630.0,33675.0,350
82694.0,33736.0,350
82758.0,33670.0,350
82823.0,33486.0,350
82887.0,33775.0,350
82951.0,33696.0,350
83016.0,33660.0,350
83080.0,33877.0,350
83144.0,33664.0,350
83209.0,33759.0,350
83273.0,33853.0,350
83338.0,33602.0,350
83402.0,33588.0,350
83466.0,33710.0,350
83531.0,33722.0,350
83595.0,33673.0,350
83659.0,33606.0,350
83724.0,33832.0,350
83788.0,33729.0,350
91900.0,34664.0,400
91964.0,34667.0,400
92028.0,34473.0,400
92093.0,34752.0,400
92157.0,34620.0,400
92222.0,34630.0,400
92286.0,34468.0,400
92350.0,34453.0,400
92415.0,34391.0,400
92479.0,34445.0,400
92544.0,34453.0,400
92608.0,34555.0,400
92672.0,34412.0,400
92737.0,34273.0,400
92801.0,34480.0,400
92865.0,34718.0,400
92930.0,34518.0,400
92994.0,34734.0,400
93059.0,34517.0,400
93123.0,34576.0,400
93187.0,34737.0,400
93252.0,34566.0,400
93316.0,34645.0,400
93381.0,34526.0,400
93445.0,34559.0,400
93509.0,34585.0,400
93574.0,34635.0,400
93638.0,34586.0,400
93702.0,34531.0,400
93767.0,34458.0,400
93831.0,34406.0,400
107918.0,35602.0,450
107983.0,35398.0,450
108047.0,35542.0,450
108111.0,35386.0,450
108176.0,35418.0,450
108240.0,35495.0,450
108305.0,35443.0,450
108369.0,35726.0,450
108433.0,35698.0,450
108498.0,35583.0,450
108562.0,35549.0,450
108627.0,35800.0,450
108691.0,35567.0,450
108755.0,35367.0,450
108820.0,35789.0,450
108884.0,35660.0,450
108948.0,35668.0,450
109013.0,35363.0,450
109077.0,35376.0,450
109142.0,35569.0,450
109206.0,35630.0,450
109270.0,35430.0,450
109335.0,35557.0,450
109399.0,35435.0,450
109464.0,35374.0,450
109528.0,35709.0,450
109592.0,35572.0,450
109657.0,35394.0,450
109721.0,35535.0,450
109786.0,35401.0,450
109850.0,35400.0,450
123933.0,36618.0,500
123998.0,36442.0,500
124063.0,36846.0,500
124127.0,36609.0,500
124191.0,36394.0,500
124256.0,36564.0,500
124320.0,36630.0,500
124385.0,36276.0,500
124449.0,36564.0,500
124513.0,36743.0,500
124578.0,36574.0,500
124642.0,36520.0,500
124706.0,36549.0,500
124771.0,36535.0,500
124835.0,36470.0,500
124900.0,36454.0,500
124964.0,36206.0,500
125029.0,36503.0,500
125093.0,36649.0,500
125157.0,36701.0,500
125222.0,36788.0,500
125286.0,36732.0,500
125351.0,36459.0,500
125415.0,36643.0,500
125479.0,36429.0,500
125544.0,36550.0,500
125608.0,36296.0,500
125673.0,36253.0,500
125737.0,36249.0,500
125801.0,36740.0,500
125866.0,36483.0,500
139948.0,37850.0,550
140013.0,37932.0,550
140078.0,37651.0,550
140142.0,37689.0,550
140206.0,37809.0,550
140271.0,37722.0,550
140335.0,37523.0,550
140400.0,37651.0,550
140464.0,37608.0,550
140529.0,37670.0,550
140593.0,37743.0,550
140657.0,38100.0,550
140722.0,38039.0,550
140787.0,37857.0,550
140851.0,37539.0,550
140915.0,37857.0,550
140980.0,37551.0,550
141044.0,37765.0,550
141109.0,37692.0,550
141173.0,37565.0,550
141238.0,37431.0,550
141302.0,37576.0,550
141367.0,37725.0,550
141431.0,37555.0,550
141495.0,37356.0,550
141560.0,37711.0,550
141624.0,37322.0,550
141689.0,37911.0,550
141753.0,37392.0,550
141818.0,37506.0,550
141882.0,37788.0,550
155965.0,38774.0,600
156029.0,39182.0,600
156094.0,38933.0,600
156158.0,39050.0,600
156222.0,38809.0,600
156287.0,38820.0,600
156351.0,38794.0,600
156416.0,38832.0,600
156480.0,38934.0,600
156544.0,38646.0,600
156609.0,38389.0,600
156673.0,38613.0,600
156738.0,38836.0,600
156802.0,38472.0,600
156866.0,39053.0,600
156931.0,38960.0,600
156995.0,38977.0,600
157060.0,38987.0,600
157124.0,39209.0,600
157189.0,38828.0,600
157253.0,38869.0,600
157317.0,38961.0,600
157382.0,39141.0,600
157447.0,38876.0,600
157511.0,38958.0,600
157576.0,38771.0,600
157640.0,39050.0,600
157705.0,39099.0,600
157769.0,38902.0,600
157834.0,38705.0,600
157899.0,38610.0,600
166010.0,30254.0,0
166074.0,30181.0,0
166139.0,30124.0,0
166203.0,30101.0,0
166268.0,30056.0,0
166332.0,30094.0,0
166397.0,29846.0,0
166461.0,29887.0,0
166526.0,30139.0,0
166590.0,30114.0,0
166654.0,30029.0,0
166719.0,29916.0,0
166783.0,29991.0,0
166848.0,30124.0,0
166912.0,29977.0,0
166977.0,29972.0,0
167041.0,29824.0,0
167106.0,29936.0,0
167170.0,30058.0,0
167235.0,29984.0,0
167299.0,29937.0,0
167364.0,29850.0,0
167428.0,29907.0,0
167493.0,30079.0,0
167557.0,30140.0,0
167622.0,30111.0,0
167686.0,29968.0,0
167750.0,29993.0,0
167815.0,30039.0,0
167879.0,30037.0,0
167944.0,30044.0,0
