52867.0,28506.0,100
52931.0,28612.0,100
52996.0,28333.0,100
53060.0,28499.0,100
53125.0,28304.0,100
53189.0,28524.0,100
53253.0,28554.0,100
53318.0,28582.0,100
53382.0,28478.0,100
53446.0,28468.0,100
53511.0,28408.0,100
53575.0,28432.0,100
53640.0,28587.0,100
53704.0,28428.0,100
53768.0,28532.0,100
53833.0,28515.0,100
53897.0,28429.0,100
53962.0,28413.0,100
54026.0,28691.0,100
54090.0,28316.0,100
54155.0,28516.0,100
54219.0,28586.0,100
54284.0,28502.0,100
54348.0,28473.0,100
54412.0,28431.0,100
54477.0,28545.0,100
54541.0,28522.0,100
54606.0,28572.0,100
54670.0,28479.0,100
54734.0,28391.0,100
54799.0,28560.0,100
62847.0,29054.0,150
62911.0,29117.0,150
62975.0,28875.0,150
63040.0,29050.0,150
63104.0,28983.0,150
63169.0,29029.0,150
63233.0,28889.0,150
63297.0,28899.0,150
63362.0,28995.0,150
63426.0,28865.0,150
63491.0,28999.0,150
63555.0,28715.0,150
63619.0,29063.0,150
63684.0,28767.0,150
63748.0,28740.0,150
63813.0,28853.0,150
63877.0,29071.0,150
63941.0,28942.0,150
64006.0,29128.0,150
64070.0,28961.0,150
64134.0,29025.0,150
64199.0,28997.0,150
64263.0,28837.0,150
64328.0,29250.0,150
64392.0,28927.0,150
64457.0,28953.0,150
64521.0,28858.0,150
64585.0,29136.0,150
64650.0,28768.0,150
64714.0,29014.0,150
64779.0,28927.0,150
72954.0,29357.0,200
73019.0,29680.0,200
73083.0,29544.0,200
73148.0,29687.0,200
73212.0,29588.0,200
73276.0,29514.0,200
73341.0,29703.0,200
73405.0,29700.0,200
73470.0,29893.0,200
73534.0,29642.0,200
73598.0,29760.0,200
73663.0,29575.0,200
73727.0,29633.0,200
73792.0,29612.0,200
73856.0,29690.0,200
73921.0,29533.0,200
73985.0,29433.0,200
74049.0,29526.0,200
74114.0,29823.0,200
74178.0,29730.0,200
74243.0,29713.0,200
74307.0,29764.0,200
74371.0,29723.0,200
74436.0,29521.0,200
74500.0,29600.0,200
74565.0,29785.0,200
74629.0,29649.0,200
74694.0,29649.0,200
74758.0,29590.0,200
74823.0,29605.0,200
82870.0,30393.0,250
82934.0,30312.0,250
82999.0,30157.0,250
83063.0,30300.0,250
83127.0,30600.0,250
83192.0,30688.0,250
83256.0,30436.0,250
83320.0,30309.0,250
83385.0,30246.0,250
83449.0,30264.0,250
83513.0,30317.0,250
83578.0,30504.0,250
83642.0,30540.0,250
83707.0,30282.0,250
83771.0,30303.0,250
83835.0,30347.0,250
83900.0,30560.0,250
83964.0,30204.0,250
84029.0,30649.0,250
84093.0,30201.0,250
84157.0,30316.0,250
84222.0,30341.0,250
84286.0,30378.0,250
84350.0,30448.0,250
84415.0,30674.0,250
84479.0,30339.0,250
84543.0,30401.0,250
84608.0,30144.0,250
84672.0,30387.0,250
84737.0,30403.0,250
84801.0,30393.0,250
92912.0,31183.0,300
92977.0,31346.0,300
93041.0,31333.0,300
93105.0,31398.0,300
93170.0,31364.0,300
93234.0,31273.0,300
93298.0,31273.0,300
93363.0,31184.0,300
93427.0,31457.0,300
93491.0,31205.0,300
93556.0,31510.0,300
93620.0,31370.0,300
93685.0,31264.0,300
93749.0,31058.0,300
93813.0,31320.0,300
93878.0,31341.0,300
93942.0,31369.0,300
94007.0,31179.0,300
94071.0,31251.0,300
94135.0,31350.0,300
94200.0,31230.0,300
94264.0,31113.0,300
94328.0,31475.0,300
94393.0,31278.0,300
94457.0,31372.0,300
94522.0,31216.0,300
94586.0,31281.0,300
94651.0,31215.0,300
94715.0,31162.0,300
94779.0,31389.0,300
94844.0,31148.0,300
108930.0,32326.0,350
108995.0,32177.0,350
109060.0,32534.0,350
109124.0,32590.0,350
109189.0,32149.0,350
109253.0,32263.0,350
109317.0,32414.0,350
109382.0,32443.0,350
109446.0,32252.0,350
109510.0,32380.0,350
109575.0,32066.0,350
109639.0,32534.0,350
109704.0,32300.0,350
109768.0,32237.0,350
109832.0,32699.0,350
109897.0,32166.0,350
109961.0,32346.0,350
110026.0,32420.0,350
110090.0,32228.0,350
110154.0,32392.0,350
110219.0,32125.0,350
110283.0,32074.0,350
110348.0,32300.0,350
110412.0,32266.0,350
110476.0,32185.0,350
110541.0,32248.0,350
110605.0,32188.0,350
110670.0,32508.0,350
110734.0,32246.0,350
110798.0,32720.0,350
110863.0,32405.0,350
124946.0,33505.0,400
125010.0,33423.0,400
125075.0,33323.0,400
125139.0,33454.0,400
125203.0,33433.0,400
125268.0,33161.0,400
125332.0,33328.0,400
125397.0,33282.0,400
125461.0,33611.0,400
125525.0,33337.0,400
125590.0,33186.0,400
125654.0,33444.0,400
125719.0,33183.0,400
125783.0,33554.0,400
125847.0,33220.0,400
125912.0,33579.0,400
125976.0,33201.0,400
126040.0,33265.0,400
126105.0,33267.0,400
126169.0,33163.0,400
126234.0,33331.0,400
126298.0,33341.0,400
126362.0,33427.0,400
126427.0,33255.0,400
126491.0,33844.0,400
126556.0,33426.0,400
126620.0,33244.0,400
126685.0,33142.0,400
126749.0,33470.0,400
126813.0,33438.0,400
126878.0,33725.0,400
140961.0,34650.0,450
141026.0,34404.0,450
141091.0,34646.0,450
141155.0,34324.0,450
141219.0,33877.0,450
141284.0,34428.0,450
141348.0,34478.0,450
141412.0,34412.0,450
141477.0,34077.0,450
141541.0,34224.0,450
141606.0,34427.0,450
141670.0,34201.0,450
141734.0,34437.0,450
141799.0,34505.0,450
141863.0,34665.0,450
141928.0,34713.0,450
141992.0,34357.0,450
142057.0,34391.0,450
142121.0,34423.0,450
142186.0,34789.0,450
142250.0,34568.0,450
142315.0,34609.0,450
142379.0,34407.0,450
142444.0,34554.0,450
142508.0,34320.0,450
142573.0,34791.0,450
142637.0,34493.0,450
142701.0,34444.0,450
142766.0,34381.0,450
142830.0,34631.0,450
142895.0,34144.0,450
156979.0,35752.0,500
157044.0,35365.0,500
157108.0,35699.0,500
157173.0,35474.0,500
157237.0,35682.0,500
157301.0,35710.0,500
157366.0,35325.0,500
157430.0,35831.0,500
157495.0,35556.0,500
157559.0,35437.0,500
157624.0,35598.0,500
157689.0,35650.0,500
157753.0,35335.0,500
157817.0,35558.0,500
157882.0,35528.0,500
157946.0,35273.0,500
158010.0,35419.0,500
158075.0,35654.0,500
158139.0,36075.0,500
158204.0,35609.0,500
158268.0,35614.0,500
158332.0,35422.0,500
158397.0,35721.0,500
158461.0,35359.0,500
158525.0,35799.0,500
158590.0,35678.0,500
158654.0,35548.0,500
158719.0,35449.0,500
158783.0,35526.0,500
158848.0,35494.0,500
158912.0,34983.0,500
172996.0,36848.0,550
173061.0,36683.0,550
173125.0,36664.0,550
173189.0,36757.0,550
173254.0,36937.0,550
173318.0,36645.0,550
173383.0,36988.0,550
173447.0,36806.0,550
173511.0,36643.0,550
173576.0,36700.0,550
173640.0,36712.0,550
173705.0,36309.0,550
173769.0,36471.0,550
173833.0,36681.0,550
173898.0,36816.0,550
173962.0,36926.0,550
174026.0,37382.0,550
174091.0,36906.0,550
174155.0,36510.0,550
174220.0,36860.0,550
174284.0,36675.0,550
174348.0,36828.0,550
174413.0,36812.0,550
174477.0,36842.0,550
174542.0,36750.0,550
174606.0,36659.0,550
174670.0,36985.0,550
174735.0,37056.0,550
174799.0,37032.0,550
174864.0,36580.0,550
174928.0,36476.0,550
189012.0,38215.0,600
189077.0,38276.0,600
189141.0,37533.0,600
189206.0,37949.0,600
189270.0,37901.0,600
189334.0,38268.0,600
189399.0,37857.0,600
189463.0,38028.0,600
189528.0,37720.0,600
189592.0,38023.0,600
189656.0,38289.0,600
189721.0,38095.0,600
189785.0,38336.0,600
189850.0,38254.0,600
189914.0,38125.0,600
189978.0,38144.0,600
190043.0,38083.0,600
190107.0,38359.0,600
190171.0,38262.0,600
190236.0,38286.0,600
190300.0,38029.0,600
190365.0,38368.0,600
190429.0,38290.0,600
190493.0,37865.0,600
190558.0,38024.0,600
190622.0,38108.0,600
190687.0,38421.0,600
190751.0,38144.0,600
190815.0,38130.0,600
190880.0,38528.0,600
190944.0,38179.0,600
199057.0,28065.0,0
199121.0,27958.0,0
199186.0,28120.0,0
199250.0,27933.0,0
199315.0,28093.0,0
199379.0,27962.0,0
199443.0,27928.0,0
199508.0,28026.0,0
199572.0,27985.0,0
199637.0,28135.0,0
199701.0,28147.0,0
199765.0,27974.0,0
199830.0,27924.0,0
199894.0,27989.0,0
199959.0,27977.0,0
200023.0,27959.0,0
200087.0,28114.0,0
200152.0,28187.0,0
200216.0,28062.0,0
200281.0,28051.0,0
200345.0,28120.0,0
200409.0,28111.0,0
200474.0,28092.0,0
200538.0,27859.0,0
200603.0,27988.0,0
200667.0,28133.0,0
200731.0,28026.0,0
200796.0,28038.0,0
200860.0,28091.0,0
200925.0,28102.0,0
200989.0,28102.0,0
