5933169.0,26280.0,100
5933233.0,26318.0,100
5933298.0,26355.0,100
5933362.0,26318.0,100
5933427.0,26493.0,100
5933491.0,26327.0,100
5933556.0,26377.0,100
5933620.0,26181.0,100
5933685.0,26355.0,100
5933749.0,26316.0,100
5933814.0,26154.0,100
5933878.0,26315.0,100
5933942.0,26220.0,100
5934007.0,26281.0,100
5934071.0,26423.0,100
5934135.0,26368.0,100
5934200.0,26268.0,100
5934264.0,26380.0,100
5934329.0,26306.0,100
5934393.0,26087.0,100
5934458.0,26039.0,100
5934522.0,26279.0,100
5934587.0,26296.0,100
5934651.0,26481.0,100
5934715.0,26311.0,100
5934780.0,26252.0,100
5934844.0,26154.0,100
5934909.0,26370.0,100
5934973.0,26151.0,100
5935037.0,26234.0,100
5935102.0,26388.0,100
5943150.0,26814.0,150
5943215.0,26817.0,150
5943279.0,26893.0,150
5943343.0,26644.0,150
5943408.0,26791.0,150
5943472.0,26939.0,150
5943537.0,26639.0,150
5943601.0,26922.0,150
5943665.0,26713.0,150
5943730.0,26720.0,150
5943794.0,26798.0,150
5943859.0,26761.0,150
5943923.0,26795.0,150
5943987.0,26722.0,150
5944052.0,26816.0,150
5944116.0,26559.0,150
5944180.0,26826.0,150
5944245.0,26897.0,150
5944309.0,26881.0,150
5944374.0,26866.0,150
5944438.0,26797.0,150
5944502.0,26908.0,150
5944567.0,26804.0,150
5944631.0,26712.0,150
5944695.0,26800.0,150
5944760.0,26527.0,150
5944824.0,26651.0,150
5944889.0,26670.0,150
5944953.0,26767.0,150
5945017.0,26710.0,150
5945082.0,26490.0,150
5953194.0,27345.0,200
5953258.0,27351.0,200
5953323.0,27395.0,200
5953387.0,27230.0,200
5953452.0,27328.0,200
5953517.0,27304.0,200
5953581.0,27458.0,200
5953645.0,27318.0,200
5953710.0,27195.0,200
5953774.0,27385.0,200
5953839.0,27245.0,200
5953904.0,27445.0,200
5953968.0,27387.0,200
5954033.0,27424.0,200
5954097.0,27320.0,200
5954161.0,27233.0,200
5954226.0,27478.0,200
5954290.0,27453.0,200
5954355.0,27557.0,200
5954419.0,27316.0,200
5954483.0,27390.0,200
5954548.0,27071.0,200
5954612.0,27284.0,200
5954677.0,27340.0,200
5954741.0,27371.0,200
5954805.0,27327.0,200
5954870.0,27384.0,200
5954934.0,27312.0,200
5954998.0,27517.0,200
5955063.0,27480.0,200
5955127.0,27176.0,200
5963176.0,28104.0,250
5963240.0,28231.0,250
5963305.0,28277.0,250
5963369.0,28541.0,250
5963433.0,28158.0,250
5963498.0,28543.0,250
5963562.0,28366.0,250
5963627.0,28196.0,250
5963691.0,28189.0,250
5963756.0,28339.0,250
5963820.0,28423.0,250
5963884.0,28155.0,250
5963949.0,28191.0,250
5964013.0,28002.0,250
5964078.0,27937.0,250
5964142.0,28261.0,250
5964207.0,28211.0,250
5964271.0,28076.0,250
5964336.0,28148.0,250
5964400.0,28161.0,250
5964464.0,28369.0,250
5964529.0,28314.0,250
5964593.0,28247.0,250
5964658.0,28162.0,250
5964722.0,28169.0,250
5964787.0,28368.0,250
5964851.0,28534.0,250
5964915.0,28024.0,250
5964980.0,28173.0,250
5965044.0,28213.0,250
5965109.0,28270.0,250
5979186.0,29154.0,300
5979251.0,28815.0,300
5979315.0,29099.0,300
5979379.0,29111.0,300
5979443.0,29406.0,300
5979508.0,29013.0,300
5979572.0,29075.0,300
5979636.0,28989.0,300
5979701.0,29245.0,300
5979765.0,29343.0,300
5979830.0,29265.0,300
5979894.0,29237.0,300
5979959.0,29195.0,300
5980023.0,29049.0,300
5980087.0,28831.0,300
5980152.0,29209.0,300
5980216.0,29106.0,300
5980281.0,29342.0,300
5980345.0,29337.0,300
5980409.0,28979.0,300
5980474.0,28997.0,300
5980538.0,29152.0,300
5980603.0,29161.0,300
5980667.0,29112.0,300
5980731.0,28985.0,300
5980796.0,28989.0,300
5980860.0,29422.0,300
5980925.0,29179.0,300
5980989.0,29298.0,300
5981053.0,29160.0,300
5981118.0,29150.0,300
5995260.0,30112.0,350
5995325.0,29990.0,350
5995389.0,29937.0,350
5995453.0,29929.0,350
5995518.0,30010.0,350
5995582.0,30138.0,350
5995647.0,30263.0,350
5995711.0,30055.0,350
5995776.0,29961.0,350
5995840.0,29877.0,350
5995904.0,30147.0,350
5995969.0,30163.0,350
5996033.0,30286.0,350
5996098.0,30316.0,350
5996162.0,30123.0,350
5996227.0,30024.0,350
5996291.0,30227.0,350
5996356.0,30201.0,350
5996420.0,30131.0,350
5996484.0,30388.0,350
5996549.0,30019.0,350
5996613.0,29986.0,350
5996678.0,29998.0,350
5996742.0,30234.0,350
5996807.0,29967.0,350
5996871.0,29813.0,350
5996936.0,30115.0,350
5997000.0,30106.0,350
5997064.0,30158.0,350
5997129.0,30329.0,350
5997194.0,31088.0,400
6011272.0,31053.0,400
6011336.0,31125.0,400
6011401.0,31054.0,400
6011465.0,31219.0,400
6011529.0,31018.0,400
6011594.0,31086.0,400
6011658.0,31114.0,400
6011723.0,31187.0,400
6011787.0,31222.0,400
6011852.0,31160.0,400
6011916.0,30941.0,400
6011981.0,30972.0,400
6012045.0,31239.0,400
6012109.0,31546.0,400
6012174.0,31018.0,400
6012238.0,30973.0,400
6012303.0,31081.0,400
6012367.0,31030.0,400
6012431.0,31037.0,400
6012496.0,31414.0,400
6012560.0,31131.0,400
6012624.0,31194.0,400
6012689.0,31019.0,400
6012753.0,31010.0,400
6012818.0,31118.0,400
6012882.0,31026.0,400
6012947.0,31344.0,400
6013011.0,31211.0,400
6013076.0,31446.0,400
6013140.0,31219.0,400
6027282.0,32437.0,450
6027346.0,32493.0,450
6027410.0,32268.0,450
6027475.0,31953.0,450
6027539.0,32012.0,450
6027604.0,32369.0,450
6027668.0,32163.0,450
6027732.0,32176.0,450
6027797.0,32423.0,450
6027861.0,32644.0,450
6027925.0,32480.0,450
6027990.0,31915.0,450
6028054.0,32058.0,450
6028119.0,32594.0,450
6028183.0,32154.0,450
6028248.0,32338.0,450
6028312.0,32211.0,450
6028377.0,32082.0,450
6028441.0,32208.0,450
6028505.0,32420.0,450
6028570.0,32264.0,450
6028634.0,32456.0,450
6028699.0,32092.0,450
6028763.0,32516.0,450
6028827.0,31980.0,450
6028892.0,32505.0,450
6028956.0,31992.0,450
6029021.0,32164.0,450
6029085.0,32517.0,450
6029150.0,32218.0,450
6029214.0,32526.0,450
6043292.0,33377.0,500
6043357.0,33560.0,500
6043421.0,33715.0,500
6043486.0,33387.0,500
6043550.0,33431.0,500
6043615.0,33739.0,500
6043679.0,33691.0,500
6043743.0,33477.0,500
6043808.0,33217.0,500
6043872.0,33272.0,500
6043937.0,33398.0,500
6044001.0,33327.0,500
6044066.0,33136.0,500
6044130.0,33716.0,500
6044195.0,33634.0,500
6044259.0,33502.0,500
6044323.0,33403.0,500
6044388.0,32899.0,500
6044452.0,33640.0,500
6044517.0,33222.0,500
6044581.0,33280.0,500
6044646.0,33491.0,500
6044710.0,33915.0,500
6044775.0,33505.0,500
6044839.0,33386.0,500
6044904.0,33617.0,500
6044968.0,33874.0,500
6045032.0,33284.0,500
6045097.0,33801.0,500
6045161.0,33448.0,500
6045226.0,33310.0,500
6059303.0,34950.0,550
6059368.0,34673.0,550
6059433.0,34831.0,550
6059497.0,34620.0,550
6059561.0,34446.0,550
6059626.0,34659.0,550
6059690.0,34942.0,550
6059755.0,34536.0,550
6059819.0,34781.0,550
6059884.0,34851.0,550
6059948.0,34453.0,550
6060013.0,34960.0,550
6060077.0,34958.0,550
6060141.0,35188.0,550
6060206.0,34976.0,550
6060270.0,34930.0,550
6060335.0,34827.0,550
6060399.0,34972.0,550
6060463.0,34639.0,550
6060528.0,35199.0,550
6060592.0,34746.0,550
6060656.0,34717.0,550
6060721.0,35095.0,550
6060785.0,35511.0,550
6060850.0,34675.0,550
6060914.0,34628.0,550
6060979.0,34813.0,550
6061043.0,34587.0,550
6061108.0,34973.0,550
6061172.0,34585.0,550
6061236.0,34981.0,550
6075315.0,36575.0,600
6075379.0,36401.0,600
6075443.0,36329.0,600
6075508.0,35908.0,600
6075572.0,36038.0,600
6075636.0,35764.0,600
6075701.0,36110.0,600
6075765.0,35944.0,600
6075830.0,35894.0,600
6075894.0,35940.0,600
6075959.0,36274.0,600
6076023.0,36362.0,600
6076088.0,36172.0,600
6076152.0,36029.0,600
6076216.0,35542.0,600
6076281.0,35988.0,600
6076345.0,35972.0,600
6076410.0,36062.0,600
6076474.0,36230.0,600
6076538.0,36375.0,600
6076603.0,35675.0,600
6076667.0,36141.0,600
6076732.0,36196.0,600
6076796.0,36410.0,600
6076860.0,36275.0,600
6076925.0,36078.0,600
6076989.0,36532.0,600
6077053.0,36090.0,600
6077118.0,36156.0,600
6077182.0,36280.0,600
6077247.0,35778.0,600
6085359.0,25948.0,0
6085424.0,26015.0,0
6085488.0,26016.0,0
6085552.0,25858.0,0
6085617.0,26010.0,0
6085681.0,25753.0,0
6085746.0,25862.0,0
6085810.0,25811.0,0
6085875.0,26021.0,0
6085939.0,25855.0,0
6086003.0,25725.0,0
6086068.0,25887.0,0
6086132.0,25875.0,0
6086197.0,25922.0,0
6086261.0,25555.0,0
6086326.0,25998.0,0
6086390.0,26099.0,0
6086455.0,25794.0,0
6086519.0,25867.0,0
6086583.0,25940.0,0
6086648.0,25930.0,0
6086712.0,25913.0,0
6086777.0,25875.0,0
6086841.0,25797.0,0
6086906.0,25698.0,0
6086970.0,25819.0,0
6087035.0,26011.0,0
6087099.0,25798.0,0
6087164.0,25930.0,0
6087229.0,25804.0,0
6087293.0,25896.0,0
