49628492.0,1.0,100
49628556.0,2.0,100
49628621.0,3.0,100
49628685.0,4.0,100
49628749.0,5.0,100
49628814.0,6.0,100
49628878.0,7.0,100
49628942.0,8.0,100
49629007.0,9.0,100
49629071.0,10.0,100
49629136.0,11.0,100
49629200.0,12.0,100
49629264.0,13.0,100
49629329.0,14.0,100
49629393.0,15.0,100
49629457.0,16.0,100
49629522.0,17.0,100
49629586.0,18.0,100
49629651.0,19.0,100
49629715.0,20.0,100
49629779.0,21.0,100
49629844.0,22.0,100
49629908.0,23.0,100
49629972.0,24.0,100
49630037.0,25.0,100
49630101.0,26.0,100
49630166.0,27.0,100
49630230.0,28.0,100
49630294.0,29.0,100
49630359.0,30.0,100
49630423.0,31.0,100
49638534.0,32.0,150
49638599.0,33.0,150
49638663.0,34.0,150
49638728.0,35.0,150
49638792.0,36.0,150
49638856.0,37.0,150
49638921.0,38.0,150
49638985.0,39.0,150
49639049.0,40.0,150
49639114.0,41.0,150
49639178.0,42.0,150
49639243.0,43.0,150
49639307.0,44.0,150
49639371.0,45.0,150
49639436.0,46.0,150
49639500.0,47.0,150
49639565.0,48.0,150
49639629.0,49.0,150
49639693.0,50.0,150
49639758.0,51.0,150
49639822.0,52.0,150
49639886.0,53.0,150
49639951.0,54.0,150
49640015.0,55.0,150
49640080.0,56.0,150
49640144.0,57.0,150
49640208.0,58.0,150
49640273.0,59.0,150
49640337.0,60.0,150
49640401.0,61.0,150
49640466.0,62.0,150
49648513.0,63.0,200
49648577.0,64.0,200
49648641.0,65.0,200
49648706.0,66.0,200
49648770.0,67.0,200
49648835.0,68.0,200
49648899.0,69.0,200
49648963.0,70.0,200
49649028.0,71.0,200
49649092.0,72.0,200
49649156.0,73.0,200
49649221.0,74.0,200
49649285.0,75.0,200
49649350.0,76.0,200
49649414.0,77.0,200
49649478.0,78.0,200
49649543.0,79.0,200
49649607.0,80.0,200
49649672.0,81.0,200
49649736.0,82.0,200
49649800.0,83.0,200
49649865.0,84.0,200
49649929.0,85.0,200
49649993.0,86.0,200
49650058.0,87.0,200
49650122.0,88.0,200
49650187.0,89.0,200
49650251.0,90.0,200
49650315.0,91.0,200
49650380.0,92.0,200
49650444.0,93.0,200
49658555.0,94.0,250
49658620.0,95.0,250
49658684.0,96.0,250
49658748.0,97.0,250
49658813.0,98.0,250
49658877.0,99.0,250
49658942.0,100.0,250
49659006.0,101.0,250
49659070.0,102.0,250
49659135.0,103.0,250
49659199.0,104.0,250
49659263.0,105.0,250
49659328.0,106.0,250
49659392.0,107.0,250
49659457.0,108.0,250
49659521.0,109.0,250
49659585.0,110.0,250
49659650.0,111.0,250
49659714.0,112.0,250
49659778.0,113.0,250
49659843.0,114.0,250
49659907.0,115.0,250
49659972.0,116.0,250
49660036.0,117.0,250
49660100.0,118.0,250
49660165.0,119.0,250
49660229.0,120.0,250
49660293.0,121.0,250
49660358.0,122.0,250
49660422.0,123.0,250
49660487.0,124.0,250
49668534.0,125.0,300
49668598.0,126.0,300
49668662.0,127.0,300
49668727.0,128.0,300
49668791.0,129.0,300
49668856.0,130.0,300
49668920.0,131.0,300
49668984.0,132.0,300
49669049.0,133.0,300
49669113.0,134.0,300
49669177.0,135.0,300
49669242.0,136.0,300
49669306.0,137.0,300
49669371.0,138.0,300
49669435.0,139.0,300
49669499.0,140.0,300
49669564.0,141.0,300
49669628.0,142.0,300
49669692.0,143.0,300
49669757.0,144.0,300
49669821.0,145.0,300
49669886.0,146.0,300
49669950.0,147.0,300
49670014.0,148.0,300
49670079.0,149.0,300
49670143.0,150.0,300
49670207.0,151.0,300
49670272.0,152.0,300
49670336.0,153.0,300
49670401.0,154.0,300
49670465.0,155.0,300
49684598.0,156.0,350
49684663.0,157.0,350
49684727.0,158.0,350
49684792.0,159.0,350
49684856.0,160.0,350
49684920.0,161.0,350
49684985.0,162.0,350
49685049.0,163.0,350
49685113.0,164.0,350
49685178.0,165.0,350
49685242.0,166.0,350
49685307.0,167.0,350
49685371.0,168.0,350
49685435.0,169.0,350
49685500.0,170.0,350
49685564.0,171.0,350
49685628.0,172.0,350
49685693.0,173.0,350
49685757.0,174.0,350
49685822.0,175.0,350
49685886.0,176.0,350
49685950.0,177.0,350
49686015.0,178.0,350
49686079.0,179.0,350
49686143.0,180.0,350
49686208.0,181.0,350
49686272.0,182.0,350
49686337.0,183.0,350
49686401.0,184.0,350
49686465.0,185.0,350
49686530.0,186.0,350
49700599.0,187.0,400
49700664.0,188.0,400
49700728.0,189.0,400
49700792.0,190.0,400
49700857.0,191.0,400
49700921.0,192.0,400
49700985.0,193.0,400
49701050.0,194.0,400
49701114.0,195.0,400
49701179.0,196.0,400
49701243.0,197.0,400
49701307.0,198.0,400
49701372.0,199.0,400
49701436.0,200.0,400
49701501.0,201.0,400
49701565.0,202.0,400
49701630.0,203.0,400
49701694.0,204.0,400
49701758.0,205.0,400
49701823.0,206.0,400
49701887.0,207.0,400
49701952.0,208.0,400
49702016.0,209.0,400
49702080.0,210.0,400
49702145.0,211.0,400
49702209.0,212.0,400
49702273.0,213.0,400
49702338.0,214.0,400
49702402.0,215.0,400
49702467.0,216.0,400
49702531.0,217.0,400
49716601.0,218.0,450
49716666.0,219.0,450
49716730.0,220.0,450
49716795.0,221.0,450
49716859.0,222.0,450
49716924.0,223.0,450
49716988.0,224.0,450
49717052.0,225.0,450
49717117.0,226.0,450
49717181.0,227.0,450
49717246.0,228.0,450
49717310.0,229.0,450
49717374.0,230.0,450
49717439.0,231.0,450
49717503.0,232.0,450
49717568.0,233.0,450
49717632.0,234.0,450
49717697.0,235.0,450
49717761.0,236.0,450
49717825.0,237.0,450
49717890.0,238.0,450
49717954.0,239.0,450
49718019.0,240.0,450
49718083.0,241.0,450
49718148.0,242.0,450
49718212.0,243.0,450
49718277.0,244.0,450
49718341.0,245.0,450
49718406.0,246.0,450
49718470.0,247.0,450
49718534.0,248.0,450
49732669.0,250.0,500
49732733.0,251.0,500
49732797.0,252.0,500
49732862.0,253.0,500
49732926.0,254.0,500
49732991.0,255.0,500
49733055.0,256.0,500
49733119.0,257.0,500
49733184.0,258.0,500
49733248.0,259.0,500
49733313.0,260.0,500
49733377.0,261.0,500
49733441.0,262.0,500
49733506.0,263.0,500
49733570.0,264.0,500
49733635.0,265.0,500
49733699.0,266.0,500
49733763.0,267.0,500
49733828.0,268.0,500
49733892.0,269.0,500
49733957.0,270.0,500
49734021.0,271.0,500
49734085.0,272.0,500
49734150.0,273.0,500
49734214.0,274.0,500
49734279.0,275.0,500
49734343.0,276.0,500
49734407.0,277.0,500
49734472.0,278.0,500
49734536.0,279.0,500
49748669.0,280.0,550
49748734.0,281.0,550
49748798.0,282.0,550
49748863.0,283.0,550
49748927.0,284.0,550
49748992.0,285.0,550
49749056.0,286.0,550
49749120.0,287.0,550
49749185.0,288.0,550
49749249.0,289.0,550
49749314.0,290.0,550
49749378.0,291.0,550
49749442.0,292.0,550
49749507.0,293.0,550
49749571.0,294.0,550
49749636.0,295.0,550
49749700.0,296.0,550
49749765.0,297.0,550
49749829.0,298.0,550
49749893.0,299.0,550
49749958.0,300.0,550
49750022.0,301.0,550
49750086.0,302.0,550
49750151.0,303.0,550
49750215.0,304.0,550
49750280.0,305.0,550
49750344.0,306.0,550
49750408.0,307.0,550
49750473.0,308.0,550
49750537.0,309.0,550
49750601.0,310.0,550
49764671.0,311.0,600
49764736.0,312.0,600
49764800.0,313.0,600
49764864.0,314.0,600
49764929.0,315.0,600
49764993.0,316.0,600
49765058.0,317.0,600
49765122.0,318.0,600
49765186.0,319.0,600
49765251.0,320.0,600
49765315.0,321.0,600
49765379.0,322.0,600
49765444.0,323.0,600
49765508.0,324.0,600
49765573.0,325.0,600
49765637.0,326.0,600
49765701.0,327.0,600
49765766.0,328.0,600
49765830.0,329.0,600
49765895.0,330.0,600
49765959.0,331.0,600
49766023.0,332.0,600
49766088.0,333.0,600
49766152.0,334.0,600
49766216.0,335.0,600
49766281.0,336.0,600
49766345.0,337.0,600
49766410.0,338.0,600
49766474.0,339.0,600
49766538.0,340.0,600
49766603.0,341.0,600
49774714.0,342.0,0
49774778.0,343.0,0
49774843.0,344.0,0
49774907.0,345.0,0
49774972.0,346.0,0
49775036.0,347.0,0
49775100.0,348.0,0
49775165.0,349.0,0
49775229.0,350.0,0
49775294.0,351.0,0
49775358.0,352.0,0
49775422.0,353.0,0
49775487.0,354.0,0
49775551.0,355.0,0
49775615.0,356.0,0
49775680.0,357.0,0
49775744.0,358.0,0
49775808.0,359.0,0
49775873.0,360.0,0
49775937.0,361.0,0
49776002.0,362.0,0
49776066.0,363.0,0
49776130.0,364.0,0
49776195.0,365.0,0
49776259.0,366.0,0
49776324.0,367.0,0
49776388.0,368.0,0
49776452.0,369.0,0
49776517.0,370.0,0
49776581.0,371.0,0
49776645.0,372.0,0
